10101100111001011001110011110000
10100010110011111100001011110001
01101111100010111000110000000001
10001101110111010011011110111110
10010011000101100110000001011101
11011011001110110000110101000011
10011000010111100011100111010100
10101111011101110101011101010101
01100001111111011101011000110110
11000101100000100100100001100111
11100111001111110100101100100001
11100001010011010110100111100001
11100001100010110110010001011001
11101100001101010101101110101001
10101010011101101001110010101001
01111000011100000101000101111011
11110000100111001110000011010001
11011001110011111011010000011010
11111011110010111001001111101101
00011001010101110001101010111011
00011001111001111001010001111001
11101110100101110010000110101001
10110110100010101000100011100110
10010011011100110011001101001010
11000001100010011100111011000110
10001101001101101010111110001001
11110000101110001100111010011101
11111000000000100000111101110111
10111110110010001011001001110101
00111010000010010111100010111001
11100101101001000011010011000110
10011001001001001001100010001010
11101100011010111010000110110101
01000010101011110110110111001111
11010100101111011101010000001001
11001010001001100100011011110111
00000110101000110010001001010011
10000011000101000001001100101010
11110011011000010100111111011011
11100111111111100011100000111111
00100010110100000011001100000110
00111111111001110110110110101111
11001110100100110110001000011101
10110000100001100110111010101000
11010101010000001100100101011110
11101111000011111010001111010010
01100110110100101001001001010110
11011100000110110101011101001001
10110001101000100000010001100110
01111001001001000110010001101111
01100101010011000110010001111001
00111000101011000011111010101010
11111010111011100101001011011001
11010001001010011010100001010001
10110010110111100011111011110000
00001001011111101111011110001110
11000001111000101100101001011100
11111001100100101101010111101100
10100111000110110011101111001010
01111100111010011110111110111100
00010111011110100001011010111011
11111011101111001111010001100011
10000001100011100010111001011001
01100011010000011011101011100001
11011111011110011001100111101010
10101001100101110111111111111001
01111010011010010111000101110101
10111111101100111000111100010100
00010111111101000111010001011101
00000010000101100000000001110010
10111010010000101111010011000101
10010101001011000111110110101101
11101101101011011010110011111101
01001000001110010011000000110110
00010010111011100010001000000000
00100000101111100111001000111110
10001011000000010100001011001011
00110110111000000111111001110110
10001100001111111101101110101101
10101111111101101010000001101100
01010001100110001001001001111000
11100111011110001101111110111011
10000111011010010101011011001111
10000011011111010100100010101010
01000010011010001100000011010110
11101111101001101111010110111000
01100001001101101111101000010010
01110010100110100100101111110111
11111100000001000010101011110010
01100001110010100111111000010000
11111000011101011100001001111011
11100110110010111101010110110010
11110001111010101111000010110000
00001111100010111101101010101100
10100100000101000100011011000001
00100001100000000101101110010100
01111001100101101101111111100110
10100011011100010010101011011000
01101011100000011110001100100111
10001011001100100001110110011011
11101001100100110011100011110101
11010001010110011100001001010010
10000100011110100000101101110010
00000010111100010110010110011011
11001110111111110000111100110001
11010111101000110100101101101000
10010100110110000010010010111100
11100110001110100100101101101101
11001001010111001110101110101001
10001001000111111000100000100101
00101100110000100100101001001110
00111110100111011011010000100101
10010010000111100000101101001101
00011001000101101111101111000110
11000011110010001000001101110111
00101110110111000101101111100000
10011110110111000000011110011000
11101011111101111110100100010111
10101011011001110111010110001110
00100011001001101011011101010011
11000011111010100100010001011101
10101000011110111011010100100110
10010000010001001111011110101110
10101011001110011010001101010001
01101111000100010111110111111011
10000110110000001001101001000111
11000001010000000001001010001110
10010010101010110111100001100100
11110110011000111000111110101110
11111110101100100000101001101110
01001001000010101101110110000010
00000111001100010010010111110110
00001110000111101011000001111011
00010110111110010000010011001110
01001111000110111010100011101110
00011000100000010011010001001001
10101111100001100100011000001010
10011100101110100110010110111011
00111111001000000110111101110011
01110100101101000111001110110101
01001000001100100000101001000101
10010010011001010011100100000001
10010011001000100100100010111100
10001100001001000100011111001101
01100000111101011101110101101011
00110111100000110100001111010011
01001101111000111100110101001000
10011000010111111101110110000100
10110110111100000100101011100101
10001101010100110011101101100010
11100110011010010101101011000111
01001101100000110101001111000000
01101000010110000011011011010000
00111101101010100010000010011001
10101000011011110100110000001011
10010011001001101101100111111101
10100111100100010110000110100110
11100101000000010001110110100110
01100011001110101000101011111001
00111000011000100100011110010100
00011110100000101011101010000110
11110011000000010100001000001110
00100001000011000110111001000110
01011001111101100111101100110010
10100110100101010110001011101010
11011010000010101010101101110110
01001101010010100010101101100010
01010000100110111000010010100010
01001110010011000010101000110001
01111100100100011110111010111100
10000111111101010111001100000110
11101011111001111000011001111101
00110111110100111101001000101110
00011101110110101011101010000011
11100011000010000001110001101010
10100100001010110111010101111111
10010100010001010010111100110010
00001101101001000111111110101110
00110111010010011000101101000110
01001000011101010000110111100100
11001010100000011100000010101010
11110101111001110000101111100011
11001000100101000111111010011000
10001100010010010110110010011010
00101010111011000000101110101101
10001110100101010011101110011101
00000110111001010100101010100111
00101011010111100110111001110000
01001101101001001111100110111111
11011010100011110011010101011111
10010001101110101001101111111111
01111001000010000101111111001000
01101000101110101110101001100111
01101101001011011011011011100100
00101010010010011011010101001111
01000100000011000100001010011111
00100011001001011010010110011111
01111011110000101111110110010001
01011001011010110101011010100001
11010000110111110010100011110111
11001001111110010000001001100000
11110010100000011111011110101000
00101011111111001011110010011000
11111001110010101100100011100111
00100011100001111011000010111000
11111000100001010101100111100011
11110001111011011000101000100011
11111011110111111111100010010011
00110000001110101111100110000010
01001110101000101110011011101010
01010110010011000010101111010000
01110011001101010001010001101010
01011110111010111111110111110001
01000000110011010011010001111000
10111011000111011100001000101101
01010000111110010101000110001001
00100000010011110000111011001101
11011100001101011100110101101010
10110100101100010011001000100011
00100100111110111111010010100100
00010010010010110101010100101111
10010100010111110110001101010001
00000011011001000111111111011000
01111101100000111110110100101111
11111100110111110101111111100001
11111111100010100111110100101011
00001100000110100000011001100101
11100100111101011010000111000001
00100010100100011000000000011101
10001110010011101101010011101001
11000111100100111010010011100010
00110010101001110100000111011000
10101000111011000100000111100101
10001101101110010010100101010010
00000100100100100101100101111101
01111101100010110011001000111010
10100110101110011010010011110000
00011011001011110010110000010110
01011010110100101011010101101001
00110001000001001101000011110000
00000100000111110001000100001001
10001101110111010001011111101010
01110011111000001011111111010111
10110101111100100110011011001100
01100100100110011100100010110011
11110001111111011011100101100000
11110010001101110110010110001010
00110011010010001001010101010000
10010010101000010010100000111010
00100111111010111101000000111000
00101000000001010110110010100011
01101011101110101010110101000000
10101110001111110010110001101011
00101111101000000011100110100000
01000111010110111011011001110101
01000100111101101101110011110101
10110010000110110001101100001001
11100001100000101100001001001110
10110101101001111000101000110001
00011001001101101010111111110101
11110101011101100100001001101010
01101110110010111000010110011101
01110001101011000001001110100010
10100100001011010110110111011111
01101100001011101010010101001111
01101100011110100110010001111010
10000101100111011100010011100101
01000011100001111101111101100011
00100010101101001000001111101100
01100000101101011000101101110011
10111001011100011111010000010011
01111011100100010100010110010100
01000001010101101011001101101111
01010110110001000101111000111001
10011010110010001110101010101011
10111000010111101110100011001110
00110100000111011101110110010100
10001000011011010111001010011001
11000101100001001011000111001010
11000000111101011110100001010100
00001000101000101111110011011100
00011011011101001001111011110010
10100111110101010110111111010000
01011011101111001001011101011101
00010001000011010111100000110110
01111110101100010100110100011001
11100100011101110010100011111011
11010101100111011000100110000001
00100100001111000011110111010111
01000100000110111011111100001111
10000111100110110100100001011000
10111110000100101101011101010000
01101100011101011010010101000111
11011110001110001110000111010011
01011001111011111101101001010100
11101110110101011010101000110010
11111110100011100001111001001001
11010000000010000111110101000011
01010010001000100110001011001100
10001101100000011001110010111111
01010111111100100011010100001000
00000100000011000100100011001011
01100000100010001001111100101100
11001000011110111111000110000010
00110101000110111000100000000110
00110000111010000001110011110110
00101111001011001100000000111111
11001111001101001111110100111101
11101100111111010110011001010101
00111010100010110111101111011110
00011010001010011100000001111011
10000111010000000111011111111101
11110100100001110010110101011110
01101110110001000100110011010110
10100110000010000111110100001101
11010011010010110101001100001001
00101101111100011000010111101000
00011001010000011010110011011101
00110101101101011110111111010001
00011101011111100011001000001111
00000010101110101110001110011001
10101101011001110010001111100110
10111100000000111110111111010010
10110000001010111010110010001101
01000111100101000010001110101111
11011001100010111001011010000001
11011010110000100110101101110100
11111010111011101111100001111010
10101101100101001001101110110001
10111010110011101111101001011001
11001000011001111110101001010100
00001000101110101100001000011111
01000001011110011000111111010111
10111111000011011011100101100000
00101001001010011101101111010101
01101100010001111111011111101100
00111110101010100101101010010100
01110010000010001011100001000010
00111000110000000001101010101011
00110110010010111000101001011100
10110000010110110000010100110110
00011001101111100101101101101001
01011110101010011010000111110100
01111100100010011101100000101101
00111111100111011111010101111001
00111010010110001010011010101001
11101110001100000111101000000010
01101000111111001011000000000110
10111000110110111000010101000000
10101111101001101000010010010101
00111111101100100100010000110011
01010010001111001100011111010010
11110010101101000000110011100111
00100010110011011000100001001011
10111101111111100000001100100101
00001111101101110010110000101101
10000010110010000100011000110111
10111101101000110010100111010101
11010111011011010100110010000111
11010101110111100000110101111001
01110001101011010111000111001100
00101110001000000101010100010011
00011100100001100110110010001001
10110101101110001011010010101000
00110001000110010110001111101110
01001010111010011110100001011001
00111001111001101111010110001011
01000011011010011000110110000110
11010110111000001010001101110111
00110011001111101011011111011111
01111110111100010011101100101111
01110011101111101001101001001110
10010101101100000010000100110110
11001101110101001110010010101110
10111010100001000010101111010101
11110101000110111101010101011110
00001101111100100101100101011011
00101100110001010110110101001010
01110011100010011110100101100111
11010111111010100100110000011111
00010100000000111010100100111010
10101101010011010000110010011010
01000010101100101001000101111111
11000011011100101100011010000110
11001111010000110010011000101100
01101100111101010011001100101110
11101010111011010100111010111011
11100110110001100100100011101110
11111100011111011011101100011011
00011100111000011010011111110111
00101111011001011111001111111001
00110011011001110101101111100011
10010101111010011001101101010011
01011001111111111010010110100011
01001000000011010101111111000010
11011001110110111010011000100001
10000111000011100110000000001100
10000100001010000001101101111101
11010001100110011011001001111001
10101100011010000010011111001111
10010110111100110000110110011100
00001110000100100110111001110010
00000011000111001001010110111010
11000010000011000001100101000110
10000000100000000111111100110001
00100000010011000001010010010101
01000101001100000110000110011001
00100110110001011100010110001111
10001000000010111000011000001110
01001101110010000000000001011100
10110100111001101001000011011111
01001000001011000101100010100101
10101010001110101101111100000001
00110111011101111100101111100100
10011001011111000110001100000101
00011001010101101110110111011001
00100110010000110101001101101100
10011110000001110111111110001011
11000111101110101111000101110000
10100101101111010001101110001010
01010100111001011001111100100010
00111000010010000000010110001110
01010110110000101110100101001101
11111010001011100010111111000010
10011110000110011010010011010111
11000111001011011010010011111101
10111100001111001011000011101111
11000100111010100001110100101111
01110010111111101100111110111010
00110100111010111001000011101000
11110011010010011100000100011111
00101111110001001010010001110110
10111010000010000110001110011101
10011000010000111110110011111010
11101100110000101001101010101010
00101011000001111011010110100000
10000001000110100110011110110101
00111111011111110010001001010101
01111101001000000100110101100100
11110101000000001100100100111110
10011100010100101001011001000111
00110011111011010010011000001101
10010100111100010000010011001000
00001000010001111100011111101011
00100101001101110010001101011110
11100011000101001000111001000101
01111000111110001100101101000100
01101111011000001010111011111111
01010001000110101111110010010111
00111001011010000000001100110011
11111110101100110111000101110010
11011110101010010001101110111010
00001110100100110001001100000111
10100101110010000100010110010000
11010100110011111100111100101111
11001000000101001110110101100101
00001111100101111100010110101101
10110110010100010001000001111110
00100101111111111110101111101010
11100101100011101110010001000101
10010110111001000110001010000110
11011000101101110010100110100100
11000010110101001100001011000010
11000110010010111101101010010111
00101011110000111111010010111010
10001001000000100100000000111011
00110001001000000110100110111100
11011100011011000001010111100101
01001010100101101111110000010100
11011001100011101010110010011001
00010100100000100010101110101101
10011100010100110000001111101101
01101100001110011011011111110001
11000000111111001100101110110111
10110011111101010010100101001111
00011000111100010011111010001111
01000110100011111010000111000111
11001111011001001101010110010001
11101000011010100100111001000111
00100011111100010111100011100011
11101000111101001110001111110000
11010001101111001110001001011001
00011110111010110010110001010100
11110101110100101001001100010001
00010110100111001100101110111011
11001011101001101111100011000000
01001010011110000011110010101111
01001000111011001110010111010111
01011010101000011011011000010111
10101000001010100010001010001000
01011111000000001110001100110000
00010100010000001001010001111000
11101111011110010011010011110001
11100110000110111110001101101100
01010100100110101101110100011110
11111000100100111010111101101101
11010100000100011101010100001001
10110001110101010101100010001011
00011111000110111100011101000100
11011101001100000001110001001011
01010001001100110011001101101011
10110110101101100011001001011011
01110101000000111011101101011101
10101111001001001011000101010011
11101001101111001011000000000101
00110001111001101000111001010011
00100011111000110011101100100100
00010100100100111101101111001001
11010011111101000111111110011011
11101100001100011100001110011101
11000110001001110111011010010000
00101111011110000111111001111101
10110001011100011011100000011001
10011101111011001010101000001101
11010011000110000110101011011100
01110100110000100000010011111000
00110010011110111001111100100101
10000010011000111101111000110000
00110001011010111110011100011011
11011110001001010011101111110011
11000100000010010110101111010110
00100100110111101010110000100100
01011101000101001101010000110111
10100101111010110000010010110010
01111111110101111001010011001111
10000100101011011101111111101111
00010111101100110110110000110000
10111101100011111111100111001010
11001111010000010110011000010111
10001111110111010010001111001110
11100010101000000011011011100101
00011111001001011000100000000000
11100110011110111101110110100010
10000101111101000001110111001100
01110001000111110011111001101110
00110000100100111110011111110000
00111110101001001110000111000010
00001100010100000110101110101001
00001111000100111011111101111001
00011110000010000010100111101111
01001111110001011111011100010100
10000010001011010111000010101110
10010001001101111100011100100011
00111000011011101111111110010101
00011000010001111000101000100011
11000101010110100000100000011000
10111011001000101001010010001100
01101011011011010111111110111010
01000101000101000101111001110110
00011001101100100000011001010111
00000001000000011101001100101111
00110000100000011110101010010101
00111111010110000000110000100010
10111001110101101100111111110100
00111000001110010000110000010111
10110101111000111111001111110111
10111011101100011110000110001010
01111110101011110100001011110011
00011100111001010110011100101111
01100110110000100111001101011111
01100001111100101100001011111100
11001010110011110110001100011101
01101001010110111101111001111110
10100111011101000000100001001111
01010010111100110100001110101010
11101110100001011110100011100110
00011111110010100010000001100111
00001111010111001111100100111001
11010110101111010001001001101000
01010111010000001010001110111000
01001001100110011011110110011010
00001111111110011111100101010101
01010100101100001110000101001001
11110010011101110000110101100100
00011101001011111101011001101010
00110001100111010111111011110100
01100100110001001011011000011110
01000100100011101000100110111110
01000111100101000111111011111110
10111011110000101011101111011100
11110000110110110011101110010010
10111111100010111000000101111010
00110110010001100000001110101100
00101110110011111101001000101001
11111110101110001100101001011100
11001110011100100001111010110100
10100011100110110111000000100100
10011101000000110111110111001000
11011111010100010001001101101010
00000111101111111100110100001101
11101000010101010101111000111010
11111010011100111100100111001000
10101000000010110000111100100101
01000000100100011011001100010000
00001111011010010001000100100011
10010011111001001010100101100010
01101000011100010111010110001001
10110100000110101010100001001001
11110100011111001001111001100101
00101101001010111011011010100101
10010111101111111111011011010011
10001001010011111001100000000000
00100111010101000111010000101100
11101110101100111001000001111000
11001101010001010010001100100111
10110111010010001001010100110100
00101010100111011001101011001001
01010101100100101100011011010111
10101010100000000100000000100001
11110001101100000011011100010110
00110011010111101001100010101101
11110001101110110000001000010010
00100010100110001001000111010110
10001010100001100010000110011100
10100111100010101101111000100110
00100000111001001010100011110110
00100010101001001001110110111011
01100010001101001111111101100010
11110010101001010010100011110011
00000010011011111110000100001011
01011101110011100010101001000000
01111010000000101010000000000101
11110100011010101110101111011101
11001011010110100111011100000010
11001000101111000110011001111000
11010100101100111011001100010000
01101011011011101110000101100101
00110101001101011011111011001100
11110110010011101010011011101100
10000100100100100011111010101000
01001100100101010010010111110111
00101101100100000011010110011011
11101010100001010010101100000001
10010110100000001111000110010011
11110010001111111110000001001010
10100000011001100110010001110110
00010001001001100010110001000000
00101000011001001111011101000100
00001100001001111110001110001010
11010011000110010100010110110000
01000010110001100011010100001000
11000001101011000000111101100101
00010010100011101110010100011110
00110010010011000101001010101001
01111000010110100001100101101001
10110010111111001111110101000110
01010100110001100110111111010100
00110110110000101010000100000111
00100011111100001001100000110000
00110000011000010100011100101110
11101010110000010011011011000100
00110000101100101111010111100010
10001100001101010111110111110010
00101000100000100011010001001100
10110111011011100111101001010101
11010111111111001010100010100111
11101010000001011000011111100101
01010011001101010100110110001010
11001001000100110011011111100011
10000101001000100101101001111001
11000111101100110011101101011001
01111101011000010010010000111111
00010001001001111101010001111101
01000000000011100011110001010100
01100000111011010001110111011010
00101011111001000111011110101101
11001110101001110100011000111010
11111011111011100011001001100010
00101101111001011000110010000000
00110010101000101111001101111000
10001100101011110100011010111111
11000011000101011110010001110101
01110001011101100011101000000000
10011001001010010111101010001011
11001011111000010000110010001110
10000010010111000001001001111010
11001001101000111010010101011001
11000100000011101011000000000111
00010011100000101101110100100011
00100011001110011011110001101110
00010110011101101000001100001000
11000110010111000011001010111000
10100000101010010000111111011000
11110000001111100000000011111101
11100001010000010111011111001111
10100010001110000101000010010010
01010000000010000100101000010100
00100010100010010100101111001010
10100100001010110000100111111011
01000101000011111011000111101101
00110010011101010010000111110111
00000011011100110000111001101110
11011100110101110000111011011110
00100001011000111100010001001101
11110011000001000110011100011010
00111011111100011101011100101010
11010111101000110010101011110100
10010011011000010110001100100100
01010101100010001100111111110111
11111001111001101010100100001111
10011011011001111010000110111011
00100111101111110101001001111011
11100101100100110110010010111111
10100011100111101000001111111111
00000011001010101100101100000000
00000110011100001111010111001011
00000000100101011010011000001001
10011000001000010101101010000111
11010001110010000000111111101101
10010000110100101001111001100110
10010101111110001101011110011001
11010011000110111111010010110000
10011001001110111110001101000011
10100101011110101110001010100111
10001010110010011100011101101101
10000111001000010101100110101000
00011100100001111111100100011100
11011000101011000101000110100110
00000000101010111011101110001010
00100011000010001110110010101001
00000000111100000011111110111010
00011010001110000101000001110100
00010100101101100001110011101111
01001111010011101001100000001010
10110110011011010001100011010101
11100011110100011010100010011001
10101001001100000111101110101000
11110000101101001011010010010010
00010000100101100101010000100101
11001111100111010111001111011001
11110010010111001101001110101000
10101001010101110011010101110010
01101101111010001010011000101101
00010111011111101101001011100111
10000000100001010110100111100110
01010110011100010000101111110010
00111001011011011010000001000011
00000110001000010110111101001010
00001011011110100111110010111011
00011001010010101100101101010100
10010001100000101101011011010101
11000000010000101011011010010100
01111110101000000111110110011001
11101100110100111011111111010110
10111010000011010011101110111110
11000000010010110110101100111010
00010101010110111001101000001110
10110100000110011011100110101010
11100001110111110011111010100100
00111111100110111111111110001000
10010110110101000000101111110110
10001111101110011001000111111110
10100011100100110010011000001001
01000011111000011010100100110110
10101000001001110111010001110010
00110110100000010101011011011000
01000111101001101110011101000110
01011101001010011100010111101011
00001110010110111101101100001000
11001010110010101010000011001111
00100111101110000110101001011101
11100010000111010011110111001111
11001001101100100001000111101100
11101111100010010110101101011111
01111000000010011011110111110100
10101111011100101001101010100011
00100001000010110110100110001010
11001101000100001001011000000000
11001001111000101100000100110101
00001001100111101001000010011111
00110000011101011010101111001110
11001001101101110011001100010111
01100110101111100011101001011001
00000110100110011111111101111000
10000101110001000110001010000110
10010011100011110110101011101100
11110110100011101011100100010100
00000011011010100010010100110101
10111001101101010110100000101010
11100101100010010110010001111000
10111110011110000000101101111100
11011100100001011100100011110110
11110010000010111010011101101011
00100001110111001101011010000001
01001001010111110001101100000100
11110111000011100010101110111001
10010100011100100011101011110111
11001100010011001010000000011010
00111110001110010010011011010101
11010010110111101101110000000011
01100000011100111001001101110110
11101100010110101110001001010000
10001001100001101100101001111011
01101001110111000110100100010111
00111101010011001000010000011100
01111000011101011011110011001011
01011111111011111001100101010011
01110110001100111010000000101101
10001000100000001011000100000111
10000111101000001001010010100010
01000110000001111100110001011111
11100111101010011101001010111000
00111110111011111111101001001000
00000110001011111000110100111000
01101001101110000101110111110101
10111000001011110010011100001001
01111101110100100001100111010010
10100110001010010000101010100000
01001010001110101111001000110010
00000110101000100000111010101100
00001001111010001100001100100001
00001010101101110000000011101011
11100000011010110101110101111111
11110001000010011101000111100110
00001110000000010010101111100101
00010110110000000111010101010110
00101100100100010001101010111001
01000000110000111111110011101100
00010111110000001000100100100110
10111000000010000100100110000110
10010101011000011011010000100001
11001011010010111001110000100010
00010000001010011111100000100110
01010100101010010010010110110110
11110110001101110000010010100110
00001011001000001111111110111101
11101001000101001011110001101000
10001010000110110001110011111011
01011010110101111101000111010011
00101010011001100010000110011001
11010110110111010010111110001000
01100111100111101011011000110111
00111010010001111100010000010000
00101011010010011001010010011111
11001000110100000110101011110001
00110011111110011110110100111011
01110001111100110010110110110000
11000000100101101001010100111100
11100110101111001100010001101010
11101011011111011101111001100011
10010010101101000101110000001101
10101101100011100100100111010100
11011101001110110110110111010100
01000111101101100100110011101011
00001011110011010010101000101100
10110111011000000111111110100101
01111101101011010101011100001110
10001011011111000110101001010100
00101010110101110000010100011011
10011001000010000001101000110101
00111110111110101110000010101000
00011011000100101111011001110001
11011100001001101010001111011011
00001101101100001000010111100111
11001100010000110111000100011100
00110100001001101101101010001001
01001011110111101100000101101001
01101110011000100100111000111000
10100011010110010110100010000010
01000111010011111100110010010001
00001110010000000110010010111100
11100101101000001100100001110101
01101100001101001010110011011010
10011000110000110110100101100100
11011011000110011011110001001101
00111001100010000111010101100011
00101010101010001011010110111000
01010111001010001000011101011100
11101111011100101101010011100110
01101101010101011001001000010011
00100011111011100111000100010010
00000010000010101011100100010001
01111111110101100011111001010011
01110010101100100001001010111010
11110111110000000011111100110011
00101011000011011000011010011010
11001111111100100110011110001011
10010101001110001101000010101110
00010001011110010111111111010101
10010001011100110110001100111100
00001110011010110100101101011101
10010000111010110100110011000100
11111101110100010111010111111101
00011111011011110100001001111101
01001001010000011010011100101010
01011000011111010110100100000000
11000101010001000011001011111000
01000001010010001110011010110111
00000010110000100010111000010100
00101101011110111011110011110110
00101001001011000011000111111111
10011101111110000011110101101100
10101010110000100111101111111111
01001110101010000110111100000111
01100110011011101010001001010001
01100010101111001010001100111010
00000001110100100000110011110001
11110111110010100110101101010100
11010001001110010000001100000101
01100101110100111001010100110001
10010101000001111011110110100101
11100101100000011000001100000000
01101001010100001101011001111101
10110101000010000000010001101100
00110000001110111111110110011110
11010100110010100000000010001001
01110010010001100101101011010011
00101111110011010000010011111111
01000101000011000111110100001000
10001100000000100110001110011010
10111110111000100011100001101100
11001111100101111011010001101111
01000010010101001011100011111111
11111100101011110010101010001111
10001101010001100010110111111101
00110101101001000111001011110010
00101010000111010010100011011100
11010000111110011110100100001100
10000000000111000111000111101000
01101101001010101101010110111001
11010111100100011100100011010011
10100000010011110001000111101110
01010011001001001100111001111110
01011101011010011001010010100111
01011010100010101000010011111000
11011110010001110101000001111110
11110011110010011001011100100100
01010100011111000110000001110010
11010111110000010010001111111100
11110101110001100010011100101001
01001101110100001110010100110101
10101000101011001101000001110111
00111101010000011111111100100111
01110110000100101010010101100111
10000001101000010000001110111100
01010000011101000000101110000100
01110110010010011000111010110111
10101110010000110010111110100011
10111011001010010001010101111010
10001100110111010100111111111011
10110111111011101110000010101101
10011000001000111100000111100111
11111010100000111001100100010111
11111101101010100110010101101010
01101010110010000111001001100100
11111001000101111101111010100111
00011011010101101011101101111000
00101011011011111000010000110010
00101111111101100001100001001110
01100100110001011111001011011011
01000010010011100111101111111000
00011101010011001011001100000111
00010100000000011101110011010001
01101010001110011011010110111110
00000010111000000100001000110000
00101010001010101001010001010001
11100110101111000101110110110001
00001001001101110011001100100100
01111100100001001110110101101010
11011001000100100110001001000110
00011111011110010101000000110111
01100001011011110111110101001000
00000111000100101011101010001100
01000001110001111111010010100001
11111101010100100011100010010111
10101100110110101010111110001010
01011111001000101111110110001100
00001000110001101000000111011110
01010001101111100010101011000111
10010110010111110010101001001100
01011011110100001010100101001010
10000011000000110101010010110100
11110100000000010001001001000001
10010001110111101111111001001111
00111101110110110111011001110110
11101101011010010000101000000010
10111111001000111011110110100000
01000010010100010100111011010011
01010101101100001111111000101010
10110000101100000000101010111000
10001101111110011001000000010001
01011100000001101111010110011100
10110010011101100101100001011100
10110000000000011101111111000001
01110101111000010001011111111101
01111111000011110111010010111111
01110010110011010000010100110110
01111101000000011001101011111001
11010011111010010100101111100010
01100011100001100011101111101111
01100110111111101110110010000000
11010011001110111100000001001110
00101010001011100101100001000110
00001101001000011000001111011011
11100111011010100010000101001111
00010101100001111101111101101111
00011100110111001111010000011000
01001000110101001101010001010110
10110000101110100110100010101001
11011000010110001001011110110111
