00101000000011001010011001100110
00011110110110010100100101001110
10100111010100011100000011011000
11001000001001111110000010011100
10101011001100001110110001000000
01000110110101101100011001010110
11110111110101000100100100100000
01001110001001000101101100000111
10110101010101101100011011100100
01101101011000001011001000110100
00010100100011110000110110000011
11110011111001011011100001000001
11101001110100001111100000100001
01110110000010110001100111010000
01000111111111111111100101110011
10110011011010000101011101111101
01100000001000100110011100110101
00010110110110100110011100110000
11110100001011110001011010011101
00011010011001111110001011001001
11101001001111001001111011001110
11010100111111001010100000010001
10100000100001011011101011000001
00000000110001000011000000001111
01001101110101110100101111001001
11001011110011001100001001001111
00001101011011000010010110101001
00111110110001110001010100110011
01011001110100000000010111000001
10001110010001100000100001111101
10011101110011110010110100110110
10100001111110100101011011101111
10001011000001110001001111111011
10111001010110010011010001011001
00010011100111011111001100111000
01011000101101101101011010101110
10110010101000010010101111101001
00011101010101101110101111101111
11000001110001000110100001010110
10010000111011010110010111100010
10101111101011111000111100101110
01001101000001110100011101011111
10101010010001100110101100100010
00000010111010101101011100010000
11110000110111001001011110101010
01101100010110000101110010011001
01011101110011100100111010010101
10000111000101000100010000110000
10110010000100000010101100001100
01100010010100000010010111111000
01011101101100110110011101111111
00110101011111010010011100111010
01000111100011111100011010100010
01111111111001000010111101000000
00010110100101101011001111111101
00110001100001010111000100001110
11100111101011111111011010101101
00110111101110000110001011011001
10100111110101111011100001010011
01001001101011100100111000111100
10001011001000100101111100000111
10011001110011101011000010001100
01110001110100011111011010010111
00011010100100100101111001111010
10011111101111000001010101101110
00010111001000110111000011110000
01110000110000110100010010101010
00010100001011110010011011011010
01100101010010101111010010010110
01111011111001100111000011010000
00000110100100100010000111111101
11011011000001111111111011001111
00101000001101101001011011011011
11000101000111110010111011000001
11101101100101000110110100111111
10111101010000011101001101110001
00101001000111010111111011111001
11010110010010110110000111110010
11000110000000101000110011111101
10111111000011011110110101100101
01001001011000011010110101111111
01010010100000100110011110001001
00000001101010111001110100100011
01100110111101101100111101101111
01011011101001001001100111111010
11100001101010111110001010111101
10010000001100110101101001100111
01001101000101111100110101011111
01001101000000010110110010111011
01100010001000001000000011000011
10100000000011100011110001000010
01100001110101011001010000010010
11011111001100011001111110001100
00110100100110001000000111011110
01110110101001111111100010111011
10011100110100011001000101011001
10100010000110100111111001110101
01010000111110001000111110101011
10011011110000000101000000111101
11001011111010110000111001001110
00100101000101101010010100000111
11011001100101001011110001110011
10100101001111001111101110001101
00010111010011000110111000110011
00010110001100100010001010111100
01011011001100000111101010010110
11000111001010110001001110101110
11000101110000011111011110001110
01010011010110100010100000101000
10100100011000011100000110000101
01011010111101011001001000011100
00000110011011010100101011100111
01110011110011011010110011100000
11011111101011001001101100000010
01010000101000000100100010111100
00000000100110011100110100010000
10111000001111011000110110101001
11110100110001111011111000010010
11011010001011110101001101111101
00100111100111011000011111100001
01110000000101000010001111001110
01110011101101110110000101010011
00000011101001000010000100010101
10011001000000001111000100101001
11101100000101111011000011000110
00000110110100111001100111111100
01111101001011110011111110001010
11111000010101101110010110100001
01101000000000011100111110110001
01110100001111111000000111101011
10101111111111011111111010000001
10111111111100011000010011000111
01011001111100101100100101000000
11000011100011110010110001010111
10101011101110101101101011001100
10111001100101111110010100100000
11111000100110110111100000000101
01000001111011110011111110111110
00111010101110000011101100001111
10101101001100010010001000011000
00100010010000010111100001010100
11011100100111111011010011100100
00111001000000011000110111011001
01001001110000111111101001001100
10000111000110101000111101100011
00011011111000011101010011100001
00001101100100110110100011000100
00001111000011011000101011111111
00111001111000001000010000010101
01101011010101101100011101100000
00000000011010111100010110111000
01000101100110101011110011110010
00110001001101110010001011110110
01100000000110100100100010101011
10001010101100011010010010001111
10100101010010100000100111100101
00101111110101111111010101010110
01010110010100100111010100001011
00101110100010000111011111000101
00100010010100110100100011101100
10101000010101101000010000100000
11011110000100001010011100111111
10111000001111100000001001110011
10101001010111100011000110111111
00111010111101101010011010001110
11011100101111010100011001110011
01100101000100001111010101110001
01000100001100011100110010111001
01000000001100000111101000100010
11110110100001011110011001011000
00101001000001100011010011011110
11101101001011101000101100011010
10111001010011001110101001110100
11111100101111110001101110010010
10100001110010101101100111010111
01011101101110010111111001100010
11111111011011111111100111111000
00101001000000010011101001111100
01000101111010011010001110101000
10000001001110100111010010000101
00100001011010001001010001100010
01100011010110011101110010010010
11110110101111100110100110111111
01100011011101000010100111000101
00010100110000010100110011101010
10010000010110010100101100000101
11011111100001100000000100011100
10000100100110101111111010011100
10100101001010101000111100101101
00111011100001010111001010100100
11001011110100100001101111101100
00111111101101111111111111001000
11100110111001001000001110110000
00010011001011110100011111101100
01001010010010100111110010111000
00101010010101110101101001110000
10010011000000110111110110010001
11111011000110000100101011001111
01011100001101000011001100011010
10101011101100101000101101100000
11001010111110001001111101101001
10110110011110010101011110011010
01001110110110100111000101100110
00010000110001110111111110010010
10010100011110000111100011101101
11110001100111110111100000011101
10100110110111000000100101010111
00100111000010000010111111101000
11100100100000110001011110010101
10011010111001010011000101010110
11101111011111100010110001100101
11100101010101110111011101111011
01101010011100011001111010100011
10000010011010111011011111101001
01010000000111101010100001110000
01000110001000001110010110000111
00011001001001101110011010111101
00001110111010011101100111000110
00001111101010111101101101101001
10100110011001101001011100011101
10010000101010110001011011100010
00010010111111000111010010110010
10001111100101110011011000000110
00011101011000111000110111001100
01011100001000101111101100000111
10010101011010001011101001111111
01100000110011110001100000000110
01010011001111000000110111111110
11100101101001001010011100110010
00011101001001101011011100010000
00000000010101100110111001111100
00000011100111101110011111011110
10101011000001111000010000100111
10000010110001011000111100011001
00001111110001100101111110011001
10001000100101110011001110011100
11100100001111000110010011011011
01100011000010001010110100110000
10001000100000011000101001011001
00000001011110110000010001001000
10000010111111000101101011101100
00011010101111101001110100001001
11010110000010000101001010100110
11101101110001100100111010110111
01000000000001001001110100011110
01001111010111010011010111100010
01110001100110011100010010010010
11110101100011011101001001010110
00011100001110000110101010001010
01011111010100101000101000011011
00101010011110101001100001100011
01100010111001111000110101001010
00011100110101000100010000000110
10010100100011100001000110001110
00110010100111001011000100101101
10110101100011101000011011001001
01110001011001111101101001100011
11110100101011010110100001010011
10010000000000001111101001011111
00010011101010010010010011111010
10010110101010101100001110000010
10110000011011010111110110000110
11101000110110110010010011000111
11011110011100110010100100001111
00011111000010000111100010110111
01001000110001000000111101101011
01000010000010001100010111010101
01110011101001110000100000000110
00100000011100111101001110111000
01100010101101010000101011001011
00010011110010101011110100001001
01100001110110011111100101010001
01001101010000110110011001001001
00101001001111010010001101010010
11001100111111000100000010101110
11011110001010100111010000001001
10000101111001000010001101010111
10011101100111101111110011110101
01010001111100011110010100111100
01111110011011000111000000100101
01101000111010101000101111111011
01110000111000111101100110001000
10100000100011101001110101001001
11010011000000111001011000101010
00100011001101001000011000000101
01011010001001111010101101001100
11000101010000100001011001000000
01001111100010110000001111000110
10101111000011000110011000100001
11110101011101111001110010110110
00100100011011001111101101101101
00000100011000001010110000000001
00101001000101010110011110111011
11101011011001011000100011001001
11110011010111010110011111101110
01011010111100100010011111111111
10110011001100000110111101110000
01010010101101101010111010001100
01111111100001001111101101100100
01010101100000111001001111011101
11100010111011101111001110001111
10011100101101011001001011111100
11100000011010101011010111010101
10001011100011010111100001000010
01100011111101101110000000100101
11000001111110100110111101001111
01100101101101001110101101101101
00110011110110100001110000001001
01110010110110110100000101110010
00000010010001100011101010110110
11011110001101011010001000000011
01011000100110010000011010011101
11010000111010001110100001110100
11100101001011111010101100110011
10010111110111011010110001011011
00111010001110110000110011110011
01001111101111000001100010101001
11001111011111011011101010001010
11011111100000001000110011100001
00000110010000010101101100110000
01001111011011111011000100011100
10100011100001101110011001110011
00100000001000010111000100000101
01100101101011000011010011100111
11111111001000000111110001000111
10010101010110000000110110100000
10110111011011111001100111000010
01100100001000110010001010011010
00111110000100001111011110010010
10001111111010111111100010001011
01100101100111000101010001101001
00110100001100111100010101010001
01101010111111100110101011010110
11111101101110001001011001111110
10100101111000101011000011111111
11100001011110101110100011000001
01011101001100110111101000111010
01110011111011011001111001100110
01010000100010011101011011110100
11101011100100110000001000001101
00000101100001001011110100101100
01111101101100010110111000011011
01111010000001111011010101111110
01011111111010110000111011100001
01100001000010111001011111010101
11000100101100000011110100101001
00011110101001011100100100101100
11010110010001111101010001001100
00011000010100010000001001110001
10001110011000000111010101101000
11010110111110100111101001110111
10110011011011000111100100010011
00001111000100100110001000001101
10011100001001100000101110110101
10101110100010011010110011100011
01010110010111110010011010111011
00001111110111111010101110111101
01110110100100101010101100011000
10011001101101000101011101101110
01111001011001100110011010111111
11111100110000101010110101111110
10101101011011101101000110100000
11101101000000001100111010000000
01101001011000101011110000011010
00110110010000101111101101001010
00010011010110111100110101011000
10001111111011111101011110100100
10101111110000100011000100110111
10100100111000101100101110010001
01101100011101100010111101110011
01111100001100111011011010100111
00011000001001100111111010110110
10100111011010010010100010011100
00011011001111110011001111001011
11111010111011111010110010011010
01000010011001011010000000101101
01110101000111001110010100011100
10001010001110000101110100101000
11010110001100011010111100111101
00100111100110100011101101010110
00100110101111100001001100111000
11001110000011001011111111010100
00111111101101100001011000010011
01001010010101110110011101101000
01111110111111101111101000110011
01100001011001110000110011101100
11101110110100000100101000001100
10011100001100000100011111101111
00100011111001111011001011011001
01101101100110010000101011111111
00100010100010110101000001110010
10001011111010101001101110111011
10011111001111001100111110000000
00101010010101110000010101110111
01110010100010101100011001010001
01001110011111111110101100110100
11000011000100100111111001100111
00011110110111000111111001110101
00010111110111101001111001011011
01111111001000101100000011000010
01011010110010001111001010100110
10110100111001110111001010000110
10111001111101000110001010000001
01110010111111110101011001100101
10100010111001010110101001110000
00001100101110111110000011111010
10011011110001011010011111111011
00000010010011000001010010011100
00011001011001101110111100111001
10100100011100111001000110111010
01110101001001010000111001101111
11110000001111000001001001001010
00101011111001001011000010001010
00110100010111100011111001000101
11001100100010111010000111100101
00101000111011000001000010001100
00001001000100111110000100111101
01011100110011100101011001000001
10011110000001000001011000000101
00000101110010001011110000000101
11011001101001001100010010111000
01001000110000000111101000001100
10111110000111000011111010001101
01110010011111101110000000000000
11111101101010110011111011010001
10100001001111010010100000101000
11111100010010100011010011001010
11110101000000100101100100111011
01111111101010101000101110000100
10010101000111000111011100000001
10101001111111010110011110111001
01010100001011110001111110000101
00101001111110111000010111010111
01000000010000011000101100001000
10111001110110011101110000010100
01100010101010100010111011100101
11110110001110110011000110101001
11111101010000010001001110101011
10000100100010110000111011110010
00001100000000101010000000101010
00001000100001000010100101011100
00001001100101110000001110110110
00100000011001101001000100111001
11111100000101011100101100110000
01010011010101011100110110111110
00101010001001110010010001111000
10010111101000110100011110001011
01110111100011001101110001000100
10110010110011101101000011001110
10111100111011011001000110101111
11111001010001000011000000101001
11100011111100001011011000001100
10001001001010001111011011100001
00011100001111100101001101110101
10001111110001111000010011111010
11110001001101101011111000011011
01100001101001100011001010111101
10011111100111001110101111101010
10101010000100010001010111100110
01010110010111011000101001110011
11100000010100101010111001011101
01111101110001000010110001100010
10001111011100001110010110110101
00010110100111000001000011101001
10101111110110000101011101001100
11111010101010001001000001110001
10110000011001110001111001110000
10101100001111110001011001100001
11000001110001001010000100110101
00011000111000111001111110101100
01100010000101100101001010110111
00101011101001100010001110101111
00010010000100111010010100111001
00011001000101000011110011110010
10111011110010100110111100110111
10001111010001111001110111011111
00111101101100001100111100101001
00101000111110111110000011010000
11101010011110000100111010110000
01100111110000111111111011001111
00010100010111110000111000000100
01000001011111111111111101101011
00100000000110110101111001110011
11011101111100110010101001010101
01111000010101111001100110010010
11101100100111010010010110110110
10010111011100100111000100101111
10000010100000100110010111100001
00011001010101011010010011000000
11000011111000100001100010111011
00111110000011110111111000010110
11010011111010011110001110101110
00010000111010100001111001010101
10100010000111111011011110111010
10100011111110111011000010110001
10011111111011100100011000011111
01001000011100011101101111011001
10010011011100010101001001100101
10100001101100010111010000011000
11011111110000111100001011111110
11011101110111111000011100001000
01000000001011101110111111101110
01111010000010100011011010000000
11010111010110001000111100100101
11101000010101010111000011110111
10100011100101100011100011111011
00101111001101111111010100000101
01010001111100110011100101100110
11001010111011011011000011111011
00111011010101011001010011011111
00111000100011101000110100101001
00100010011000000011111110111100
11110110101001101111011100100110
01100010101001010100010001001011
00001100011001010011111001010010
00111111011110001010101001011001
10011010000000100010100101101110
10001100110011110100101100110010
10100010001000010110111101101100
10010011111010011011100000010001
01000000011011111111001000001110
00010010011001100111101110111111
01001101101101101100100000100111
01011101000001110011011110100111
10110110101110001011111110010011
10011001000010011111001001011111
01001110110101110101110001011111
00010111010101001100110100110010
10000110111100010011101110111001
00010000010101100001100011110111
01011011001010100110100010101111
00100111111111001111111010110110
00001111100100110111100011101001
11010100000001100111000011110011
01111011011110111101100101100101
11000100100011111110011011100100
00101101000011011100111010101010
01011011110111010001010111101010
11101000001011010010011100011000
10111111111110001111001011100001
11010011001100011101001100111100
00110110011000101001001010011100
10010001001000000011100011101010
11011001101100101001111101010001
10001011001010000111011111000111
10111101000000100000000000001110
10000101100100100111010011111101
10101001100000010010010111111010
11100111010101000000011100011101
10000011100000001101110000110010
10010001100100101011100010011001
00101111001101000001111010110000
11110100101100010110101110011000
10000100011100000110100100100100
01100100010011110100010110110001
00001101101100011101100101110111
01000010001011001010101101001100
00101110100011011100100000111101
11001011111110110000101111100101
10011011000010101110010011101100
01011110010000111010110110111110
11100111000100111101001001101001
00001100110010010100100001100101
10001011001111001100100011110011
11010101100101001001101101111000
11110011010011011001000110000100
01010111101100010011111010111101
11110111010101111001111101011001
00100011000101100011101010000100
01110101111101101101100101100101
10010001111010101000010100001010
01100011111001000110000100101011
00011100110100101000100110001000
00010010011000000101000101100000
00110001111111101011110000100100
00010011010011111111010111101000
00010001010000100010000011100111
11100000100000000110111011011111
11000010110101100100111100011010
11000101001101010110101111010100
10000000101011010011011101011010
00000111001110111100101100100011
10111100010011101110010001110111
01101011111111111011100111111010
10100010100010111100000000000110
11000101111100110011101010011000
10000100111111111010110110101110
11010001011100011110000000110110
10000101000011000110100101111111
00010111111111011110111110000110
00101100100000000000111001101010
11111000100101001110100110111100
00110001011100101101111001010110
11100011111100101100001001010010
01000101010001110010000000000011
00110000000101010000001111101100
10111000110110011100101010110110
10111110110101001000101101101000
00011010111111111000101001011001
01011100111110011011101111110010
11100100110110111101011111011100
00100101111110001101110101001110
11000100011110100100110100111110
00111101010111000000011001111100
11000100001001110101000111011010
00110001001110110110011101001100
01101110001000110100110000110011
11101100011011000100110110110111
00100100000011011110000011101101
10011010100100101110001100100111
11001101000001111101001010010110
11110010000001101001010101100010
01101110100101011100100001110110
11100101111010110010110100011001
11011111001111001001010110111010
10110001011010101000111001101000
00000101000110111101100010010011
11111011110010011011010101000001
11001110111111000110110111110100
11000000011010011100101011110011
01110100011101011010000001110110
11000010110100001010001011001011
10100010101011001011010110010001
10111111101111011100110100100011
10100101100101101110000101110110
01111000100001110111010101110001
01111111010001101000000110001001
00011000101011011111101101110010
10111000101001111011110000101101
10101001100100001111000000000001
11101110010000100000001100000111
11101000001111111000111011110000
11110101011101101000000001100010
00000100101010011000000011101101
01110001011001101010100010001101
01000011000110111100101000100111
11100100111111000101000111101011
00011010101110001001010010010111
11000000000000011101011010010101
00101111001100010101101010101001
10101110110011110111011001010110
10100110111111000011110111101000
01111110001000001011011111110100
01100101100111000101100010100101
00010110000001001111100010110000
01010100001101101011110111001011
01011001101010000010001110011000
11010100000110101100010010001010
00101000001111101101110001110101
11100111100111100011110110011011
11111000010110111101101101110101
01011110001101101100001001000100
11111110101111111100011011101110
10010111110100011011101111010011
11011010010001101111110100100010
10111011110100010011100100000010
10010010010001001011111111100101
00001010001100001110100110101011
00001001101101011001100000001011
11000111111000001001101110111110
10110110011000100001101010110100
11100001001010100010011011000111
10001001101111011001110011000011
00000011100001101110011001001010
01001011010101110010011010001111
00100000101110110110111011101111
00110001000000101001100101000101
01100100101011101110110001000110
10010100100001101110001110000100
00000001110011001011100100001111
01000000000011000001101011011100
11101101101001011110110110000110
01100010100110100001000000010101
11110011000011010011101100100001
00100011010010101100011001110011
11111110000111100100111101010011
10001001011110100100100110110110
01001100010110101111011111011010
10001100001100101000000110010011
00100001100111110000111000000011
11111010101111010010101110111001
00111010110010110111110000110000
11010101100001010010011110011100
00111100101111011010110100000010
00100101010001111000011010001101
11001011111110000110011011110101
10011100100110011111100010000001
11110011100001000000001101001000
00010110110101101001000010110011
00000000011000011100010011010011
01000001111110011010111101010101
01010001100111110101110000101111
00101011001001110111100101001111
01011000111110101001010001011100
10100011010111000111000001100111
10110000010111111111010101000011
01110110110100000000111111001101
10011100111101000000010001010100
01100111110111111001001001001111
11111000100100110010000010000110
11101111110111100000011110010010
00101100011010110101110001010110
10101011011100000111000000010010
10001011101001010010111110111011
00111010010100001111000101111011
10101011011011101110101000011010
00100000111011110011110001010110
11101000111111101100001110101110
01100010110011100011011010010111
11101000100010111000111001100100
10100111111101110011110100000110
01100011001010111000010110010011
00100110101001001000100101010001
00001110101011000111000000010001
01010111011001111100100000101100
01010000000101101011011100001100
10001001010111100001110100110111
11111111001011001010010011100011
11000111100110010001001010110111
01000000001110111010110100101011
10000001001000011011000010100111
01001000010000101110110010010001
11101101111110101010101110010010
10000111011001000001010100111010
00000001101110111001110001001001
01011001111010001101110111101100
11001111111011000000010111100000
00011111011010011111000110000111
11110001100001010001110011110011
11100011100000010111101001100000
00001100110010001011001010001010
11001100101011100110110101001110
01010111100010001111010000101000
01100101110110111101000110011111
00101110100101000001000110110100
10000101101100111111111010111100
00101111010000111101001010000110
10001110100111100010101110001001
11100101001000110100100000001100
11111101001110100100000100001010
10010111001001111001101011100010
10101000111110000111110001110110
10110011001000000101110000110010
01011101110101111001011110110110
10001011011000001001110111000101
01110011000110001011101111110010
01110001111010101000111001111001
10110001001000101110001101010010
10010011100100110001001000100001
00001101101111011111100110000111
11010000001001001100100100010101
10101110011010001010001101110000
00001110011010001001010011011001
10001001011110011010111001010111
11000110001000011000100011000111
00000000000101100001110011111100
10100101001010101111010011000110
10000110000101110001110101011010
10011110111010000001110000010010
10011001111100011011010010101000
00001100001001101011111010011010
00001111010111100010101000110000
10000010010011011010100100000100
10101110010110011100101111011001
11010011011101001111000101111111
11110100000000111001111000111011
10110000100100100111101111001100
00100111011010101110100010111100
01101011110111000100000110011101
01100101101110010111111001010010
10100010100101011101010100001000
00101110110001000001010001110111
10011100000110011010001101000001
11011111101111101101101001101100
11010011100100111111100001101010
00101100001100100011111010110011
00000011001001100110101001101110
11111101001100001110101001011100
10000010010110100010001100000011
11100010000000001011000001000111
10010001010001101111100010011011
11110110001010010101111010110101
00001011101100011101100011011011
00010010100000110011000010101101
00101100111001000100001011000100
01000110111100000001011111111011
11111010111111111100101001101010
00101001110000011001100000111101
01101010000010110011010011101111
10001100111111110100011110010100
00110010101100100110011001101010
10010101111111000111100110000000
11110010100101000011111101100001
00110101110110000100111011101000
10011100101111101100110111011010
10111001001000011111010001011011
00100111100110011000111111000111
11001001000011001000111011111000
11010101000100111100010100010101
10101010001001110011101111101000
11100111010001011010000000101010
00110101010000000111011101110011
01010010101101011100100111110001
00110101000010111110001100010101
10000000010100011000001100000110
00111100001000001101110101101001
11110000111111111011001101000000
00110000101011111111110010101111
00001000000010001000011110010110
11001101100110001110011001011100
00100000110001110100000011101100
10101101101100101110110101000010
11110000111100010101100101101001
00001000001010000001101101101100
10000100011001110100100111110000
10000000100111100001100110100101
10111011101110111101001100101110
00110011011000101000011010100010
00001011111110111000111100100100
01111111001100101000001001110101
11010100110111100100010010110100
01001011010111101000111010010111
10010011100010001001011011111011
00011010100101110110001000010101
10001001110001110001111000110110
10101011110111110010010011010110
01110111010100100101101000101100
10111011110001011111010100111001
00100011110001111001111011001000
11101111011010111111111001100110
01000011100110001101010101001011
00001001001110010001100110000001
11000101000001111111001110011010
10011100000100001101110101110111
10101101010010110110001001110100
11011101101011011111101001110010
01100101001111111011001000101010
00000010010100001010000000010010
10101011001000001001001000100100
11101001101011001100101011111001
11011101010001100110110101111110
11011110101010101111010110010010
01011110010001000110011101100011
11101011000100001001010000001100
00000100110011010010001011011010
11010100000111100010101011110111
01110110100100001001100101110100
11010000010101011000101010001101
00000011000011010110111100011000
00010001101101001010001110000100
00100000111111010111010011011001
11111011001000111100000011011101
11111001101010101101000011000000
00011001000001100000111010110001
10111100101010010001110010100100
01101111100110010000110000101110
01110010100100010100110000111100
11010101011010000000010011111001
10011011111011011101110000111011
01000110000000110100000010011111
00011000101111100000011111100011
00011001100110011011010101010010
11010011111110010110001011100011
10110101001101010111001101110010
00010110100000110000010110001101
00101011000001101000100001001111
01011101011110111110001001110000
01011010001100111111111001010000
00011010011010011011100101001100
01011100010001110100011011011111
10111110011001000001111111101010
00000011010010011101001101011110
11101101101110011010000011111001
10000000000011000111001001100100
01100000011001000001101011101000
01011010011110101000000101110010
11111110100000100010110100011010
01100000010110100010110000000101
10010100010101110001010010111000
01100011110110111110111001110100
00100010111000110000011101100010
00110101000011001110111010101010
01011111000100010000010000011101
10100010001101000001011100101000
00011110010011001111110101111111
11011010111111100010001111100100
01111001101010101001011010100100
11010001100111111001000110011111
10111011010111000000101100110101
00000011010110111010000101000101
10101101000010111011101111110010
01100100100111001111100001010111
10110111000100010000001110101101
00101110111010011110110000011101
01001101011011100101011010101100
00001110100011000010011010011111
00001000000010101100000010110101
10011010011010001000100111100001
11110110010110010110111111010111
10011010111010110110101101001100
01100111001010000111000010111101
10101110010000100001111000000110
00111001001000001101000111110010
00101101100010000101011010111100
10110111110110110001011101111000
10011011001001000000111111000001
00111011101001011111100111001011
10011101100010111001100111001011
01001110100010001101001011110110
10001101011001111101011000110001
10101001111110001000110111110000
11101000001010101001100110000010
00100001111011100111000111110010
01010000010010111010000011100000
11110011000101111010111110011011
00001100000010011110110110111001
11110001100001001010011011101010
01010111001010100001110011010101
00011111101010011011001100000110
01101101110011100100100001111100
11111110110100010001111111001000
10011011011101011100010000111101
10101010000011110100011010111011
00011000000100010100111001000101
11101101001000110111000011100010
00000111110001010011010110001101
01111111001011100101111110001101
00100111000001000010111111100001
11000000110001110000011100110111
01110010111111111000011010111100
01011110111001011011101101111111
11110000010011000101010001011010
00011101111110110101010111001001
01100111001101000000100000111111
00010101100111001101000001101011
01101100100010111001101011101010
01101000000011100111101100110101
00001001100100001111111110011011
11100111011100011111110001110101
00010100101010010110111111000101
00010010100101100011001001000111
11110011000111000011100100010110
00010011010101011001110011010101
11010000100000000100100001000010
11011100001111001000111001000110
01011110111010000001010011110001
01100111100001111010111001011110
10110101110010100000111001000100
00100001111010100000110101100100
10001100100010101001101100011011
11100100010111110101001000101110
10001011011000011111110000001000
00111110111001001110100100001110
00000001001101000011011101010001
11100011011011010000101000101100
10010110111010101111001111010111
11011111011010011011100110010010
10010011100010101111100011101111
01111100000110000110110100000110
11111101101110110010001111110101
10111011110001111101000001010100
00111010101010100101001000011110
10110010101100011110001101011110
01000000001110110111111100101001
11100011101101110110100010110001
10100001100100010110011110111111
01110101110000100110110000001010
01111100011100001000110101000010
00001011101110100011011111000000
11000101111000100100111110011011
10011001001110110011010001100000
00101100011011000011011101011101
11110110110000101111000000001001
11011011110100100000110010111011
10000011000110010011011111100110
00101001011001111011011011101100
00000011100101100011000001101000
00001001110001111110101000110000
10101001101101110111111011011101
11001001100001101111011011101001
10111001000101110011110010100000
01101010001010101100001000100111
00001000000110000100011001100000
11011111110111101111101100010000
00000111110011110110100101011001
11100110111010001000101101111010
10010100111110111110010001111010
11100011110100110011100011010101
11000100100110011000110011110101
10001011110111001100000011110011
11101011001010100011010001000001
11010111010110000000000010110111
10110011001111111001111001010011
10001110100110010011101111111001
00111011011101111001011010100111
01101011000101001111010111110101
10110011101001000111101010001100
01010111011000000001001101111111
11100000001110011101100111100010
00110000100010010011111010000111
